

Sample results:


 DIM	 |	Sim.Ann
  4 		0.001s
  8 		0.008s
  16		0.024s
  32		0.090s
  64		0.822s
  128		14.83s
  256		27.49s
  512		177.6s
  1024 		979.7s
  2048      ---.-
  4096      ---.-
  8192      ---.-


{Sim.Ann}

N = 4
[1, 3, 0, 2]

N = 8
[2, 5, 7, 0, 4, 6, 1, 3]

N = 16
[6, 10, 13, 1, 14, 7, 3, 12, 15, 8, 11, 2, 4, 9, 0, 5]

N = 32
[3, 7, 22, 31, 13, 16, 21, 30, 25, 6, 29, 18, 28, 9, 14, 17, 26, 1, 8, 24, 0, 4, 23, 27, 12, 10, 5, 19, 2, 15, 11, 20]

N = 64
[39, 36, 51, 19, 28, 50, 4, 9, 52, 17, 42, 3, 29, 54, 33, 48, 26, 60, 56, 0, 15, 6, 18, 43, 45, 13, 32, 2, 58, 22, 55, 30, 59, 10, 34, 1, 23, 44, 61, 25, 5, 8, 53, 40, 62, 57, 47, 41, 27, 7, 12, 14, 21, 31, 38, 35, 20, 46, 49, 63, 11, 37, 16, 24]

N = 128
[74, 14, 45, 56, 15, 55, 110, 34, 83, 92, 25, 70, 113, 106, 13, 82, 2, 58, 53, 71, 76, 123, 23, 103, 63, 114, 44, 30, 9, 37, 85, 5, 122, 61, 80, 72, 19, 67, 50, 12, 102, 86, 93, 108, 84, 54, 100, 6, 118, 87, 39, 18, 112, 3, 125, 97, 105, 81, 0, 27, 121, 124, 88, 120, 57, 52, 68, 38, 91, 8, 48, 29, 4, 98, 49, 10, 46, 109, 99, 1, 32, 11, 16, 26, 115, 90, 17, 43, 65, 22, 75, 127, 40, 20, 35, 101, 24, 107, 60, 79, 47, 89, 96, 94, 33, 95, 66, 126, 59, 78, 64, 51, 119, 117, 77, 111, 41, 31, 62, 116, 73, 28, 21, 69, 36, 104, 7, 42]

N = 256
[169, 78, 41, 84, 237, 69, 131, 191, 115, 130, 151, 113, 164, 174, 48, 206, 139, 172, 162, 244, 36, 50, 87, 134, 79, 171, 141, 111, 150, 121, 219, 196, 13, 127, 132, 189, 108, 254, 90, 0, 248, 231, 117, 228, 33, 178, 205, 250, 247, 180, 163, 68, 82, 52, 97, 43, 51, 42, 112, 133, 177, 110, 38, 31, 89, 201, 12, 176, 20, 24, 199, 122, 49, 73, 179, 106, 19, 27, 62, 252, 184, 224, 138, 159, 47, 213, 226, 54, 75, 168, 30, 88, 182, 143, 241, 37, 53, 217, 136, 101, 10, 57, 255, 235, 114, 83, 236, 119, 67, 194, 203, 18, 3, 240, 105, 175, 149, 55, 93, 85, 232, 245, 94, 223, 221, 17, 153, 207, 26, 200, 44, 146, 190, 15, 98, 253, 225, 8, 118, 185, 59, 229, 1, 234, 188, 251, 193, 170, 34, 211, 120, 5, 148, 210, 227, 100, 222, 7, 144, 95, 125, 64, 165, 204, 81, 186, 46, 71, 160, 123, 45, 230, 25, 209, 202, 58, 198, 103, 140, 107, 233, 22, 66, 181, 99, 145, 21, 4, 197, 147, 216, 195, 166, 128, 239, 14, 220, 109, 192, 6, 242, 238, 65, 137, 92, 70, 212, 102, 129, 35, 183, 218, 23, 86, 249, 2, 157, 77, 28, 9, 11, 29, 60, 39, 16, 243, 32, 74, 40, 208, 63, 156, 214, 56, 187, 91, 80, 104, 246, 76, 116, 173, 142, 152, 215, 167, 154, 61, 135, 126, 161, 72, 158, 155, 96, 124]

N = 512
[68, 160, 127, 278, 235, 132, 224, 256, 331, 182, 223, 1, 326, 302, 170, 123, 349, 225, 448, 426, 99, 81, 417, 281, 269, 239, 10, 103, 324, 159, 446, 179, 143, 476, 312, 385, 236, 365, 121, 465, 220, 216, 243, 112, 507, 314, 118, 88, 275, 315, 234, 75, 148, 308, 74, 430, 415, 116, 25, 356, 367, 283, 105, 212, 429, 339, 70, 501, 497, 337, 175, 24, 433, 389, 193, 87, 304, 36, 73, 294, 11, 421, 399, 22, 3, 409, 348, 27, 219, 227, 307, 363, 242, 510, 266, 218, 64, 209, 382, 125, 457, 374, 264, 293, 325, 341, 447, 205, 435, 37, 351, 176, 466, 195, 279, 449, 342, 208, 403, 502, 69, 157, 416, 369, 509, 119, 471, 322, 5, 306, 493, 500, 434, 414, 120, 276, 194, 183, 332, 261, 396, 267, 442, 228, 455, 58, 309, 43, 18, 21, 141, 181, 66, 145, 379, 273, 198, 373, 113, 355, 358, 161, 336, 258, 191, 469, 359, 222, 128, 262, 124, 280, 424, 89, 303, 277, 55, 48, 196, 343, 130, 390, 45, 406, 167, 14, 31, 158, 255, 487, 59, 477, 76, 488, 204, 425, 83, 313, 13, 186, 440, 47, 489, 345, 319, 90, 8, 180, 149, 65, 464, 453, 483, 495, 246, 50, 316, 100, 19, 200, 46, 468, 115, 152, 475, 265, 423, 459, 420, 428, 259, 252, 15, 402, 295, 53, 126, 33, 344, 400, 248, 505, 190, 30, 410, 480, 12, 147, 168, 388, 39, 102, 34, 405, 184, 441, 241, 404, 221, 438, 357, 381, 432, 84, 311, 504, 310, 443, 109, 42, 137, 321, 57, 28, 94, 173, 6, 201, 366, 301, 78, 172, 60, 470, 286, 333, 268, 101, 162, 298, 394, 72, 413, 151, 217, 352, 350, 391, 93, 482, 478, 472, 67, 114, 97, 368, 131, 467, 71, 347, 299, 32, 214, 346, 395, 95, 461, 274, 104, 122, 4, 63, 291, 226, 171, 360, 436, 263, 85, 378, 56, 51, 485, 490, 474, 452, 370, 282, 496, 463, 473, 247, 408, 317, 271, 398, 445, 2, 503, 244, 210, 458, 192, 439, 177, 270, 199, 251, 486, 494, 96, 498, 254, 506, 155, 44, 134, 80, 460, 146, 129, 98, 375, 185, 362, 232, 49, 35, 479, 300, 377, 290, 334, 20, 197, 253, 411, 353, 462, 107, 328, 136, 150, 91, 422, 393, 40, 207, 26, 361, 156, 139, 135, 23, 491, 456, 230, 215, 79, 163, 318, 7, 260, 392, 0, 320, 431, 86, 437, 499, 451, 511, 492, 401, 41, 110, 330, 305, 174, 288, 508, 454, 287, 237, 380, 29, 371, 142, 292, 77, 289, 16, 418, 249, 450, 138, 17, 297, 245, 335, 383, 111, 384, 229, 329, 108, 231, 338, 340, 169, 372, 419, 164, 178, 203, 52, 54, 257, 117, 233, 82, 427, 140, 484, 38, 364, 387, 166, 61, 386, 397, 133, 92, 250, 206, 407, 189, 412, 354, 238, 213, 154, 9, 187, 327, 106, 284, 296, 202, 62, 272, 165, 153, 376, 211, 240, 323, 444, 144, 481, 188, 285]


N = 1024
[445, 597, 724, 213, 401, 454, 440, 348, 465, 722, 661, 102, 246, 103, 318, 663, 411, 95, 273, 222, 537, 554, 44, 346, 423, 616, 781, 987, 422, 545, 195, 393, 522, 230, 600, 693, 920, 814, 868, 748, 443, 36, 265, 846, 893, 780, 848, 299, 167, 271, 859, 359, 526, 670, 756, 565, 326, 778, 605, 534, 779, 736, 138, 256, 410, 595, 854, 1009, 672, 65, 452, 643, 489, 161, 655, 200, 801, 313, 607, 907, 153, 51, 602, 284, 615, 626, 144, 383, 197, 669, 851, 275, 632, 712, 134, 582, 248, 606, 366, 323, 397, 238, 791, 262, 174, 497, 38, 610, 592, 842, 539, 638, 1023, 90, 49, 541, 702, 368, 865, 148, 567, 1010, 858, 912, 844, 112, 477, 304, 688, 429, 930, 879, 52, 576, 456, 951, 394, 720, 310, 866, 185, 739, 985, 613, 818, 696, 916, 21, 343, 940, 734, 11, 656, 697, 590, 847, 614, 634, 637, 1001, 219, 1022, 140, 468, 55, 714, 233, 1005, 654, 658, 328, 64, 286, 434, 388, 193, 474, 261, 747, 752, 109, 467, 741, 110, 87, 124, 725, 294, 1007, 997, 449, 743, 149, 34, 968, 871, 178, 549, 828, 426, 878, 255, 954, 657, 529, 354, 60, 412, 177, 172, 566, 415, 551, 838, 257, 608, 500, 352, 266, 320, 84, 212, 564, 495, 587, 385, 941, 794, 45, 331, 82, 584, 884, 641, 12, 42, 823, 158, 652, 141, 372, 119, 718, 419, 900, 925, 943, 23, 1013, 531, 358, 317, 180, 938, 792, 108, 957, 813, 546, 604, 76, 524, 699, 889, 98, 599, 802, 297, 701, 969, 1015, 254, 278, 911, 1006, 123, 132, 241, 187, 50, 728, 619, 953, 618, 88, 715, 67, 9, 175, 520, 151, 512, 612, 704, 622, 819, 232, 183, 414, 759, 674, 631, 466, 367, 384, 66, 671, 921, 345, 527, 548, 455, 793, 314, 281, 730, 726, 33, 216, 8, 146, 439, 967, 721, 205, 824, 464, 942, 379, 6, 845, 287, 94, 825, 1000, 143, 976, 120, 577, 558, 16, 441, 888, 660, 771, 899, 729, 765, 555, 428, 914, 767, 742, 646, 107, 869, 282, 744, 374, 333, 1021, 931, 678, 226, 677, 1018, 770, 978, 373, 924, 620, 557, 169, 856, 935, 998, 709, 269, 170, 28, 621, 398, 171, 498, 487, 903, 308, 386, 485, 774, 857, 1020, 971, 309, 342, 1008, 559, 745, 91, 572, 99, 420, 999, 695, 909, 1, 773, 543, 598, 790, 127, 936, 41, 39, 750, 910, 263, 437, 708, 783, 446, 544, 162, 154, 1002, 350, 1014, 705, 89, 390, 513, 850, 772, 100, 777, 503, 116, 416, 58, 946, 329, 795, 129, 775, 277, 86, 30, 4, 525, 662, 836, 763, 698, 492, 996, 588, 906, 63, 461, 283, 125, 264, 928, 80, 873, 296, 57, 676, 927, 711, 236, 895, 885, 749, 472, 201, 908, 93, 723, 975, 337, 649, 85, 758, 92, 327, 805, 399, 111, 768, 501, 391, 923, 680, 804, 166, 949, 644, 316, 81, 648, 890, 208, 589, 15, 862, 300, 875, 357, 181, 176, 573, 958, 268, 260, 409, 114, 355, 979, 163, 625, 389, 751, 841, 811, 980, 53, 560, 341, 887, 204, 834, 74, 505, 640, 956, 905, 480, 945, 737, 478, 665, 977, 832, 806, 220, 225, 417, 898, 989, 992, 305, 502, 285, 288, 694, 40, 78, 131, 267, 406, 31, 221, 336, 72, 1003, 542, 137, 147, 128, 835, 186, 311, 228, 533, 77, 291, 973, 815, 839, 173, 798, 157, 353, 321, 258, 407, 629, 831, 69, 362, 156, 762, 691, 540, 253, 182, 1019, 579, 250, 710, 809, 387, 315, 860, 651, 591, 692, 371, 361, 334, 302, 427, 974, 218, 325, 59, 20, 376, 481, 508, 894, 35, 937, 983, 402, 933, 210, 617, 807, 686, 209, 562, 532, 164, 966, 518, 570, 105, 988, 56, 803, 27, 863, 150, 404, 972, 682, 703, 913, 5, 22, 382, 667, 746, 292, 569, 189, 563, 130, 139, 636, 19, 2, 438, 194, 17, 991, 896, 206, 418, 259, 586, 766, 918, 981, 433, 642, 993, 459, 71, 982, 876, 645, 475, 330, 867, 506, 1017, 713, 812, 392, 786, 789, 26, 247, 491, 191, 897, 356, 575, 538, 959, 784, 18, 990, 192, 552, 904, 939, 659, 964, 301, 115, 48, 881, 29, 984, 603, 861, 700, 519, 947, 849, 785, 104, 915, 596, 211, 995, 883, 740, 61, 733, 934, 891, 360, 880, 787, 764, 73, 289, 339, 457, 152, 816, 926, 7, 483, 199, 929, 647, 240, 965, 79, 47, 499, 826, 830, 155, 118, 788, 447, 319, 687, 375, 504, 249, 919, 421, 493, 335, 717, 872, 962, 719, 276, 145, 203, 601, 54, 732, 864, 950, 68, 403, 239, 666, 32, 796, 673, 952, 135, 490, 653, 827, 227, 332, 312, 370, 70, 324, 630, 776, 511, 706, 799, 738, 550, 396, 683, 279, 689, 306, 852, 462, 820, 75, 482, 624, 757, 755, 252, 184, 298, 853, 377, 349, 510, 251, 202, 272, 231, 817, 13, 685, 97, 395, 571, 675, 716, 453, 902, 229, 623, 986, 190, 380, 994, 970, 578, 347, 488, 293, 479, 117, 46, 517, 3, 494, 405, 234, 101, 463, 507, 877, 874, 782, 188, 160, 223, 521, 126, 274, 948, 10, 1016, 761, 547, 473, 243, 833, 593, 585, 215, 470, 901, 363, 829, 307, 381, 451, 731, 24, 580, 1012, 843, 536, 955, 425, 797, 650, 583, 400, 442, 568, 633, 917, 159, 168, 43, 769, 136, 855, 207, 14, 840, 378, 886, 242, 961, 892, 37, 303, 113, 681, 96, 561, 882, 430, 476, 122, 165, 837, 514, 0, 83, 214, 133, 448, 509, 106, 62, 121, 364, 628, 664, 668, 237, 142, 25, 1004, 290, 280, 690, 684, 821, 627, 754, 196, 707, 609, 581, 245, 408, 515, 340, 344, 322, 922, 198, 436, 960, 635, 486, 1011, 808, 963, 944, 611, 369, 351, 431, 496, 556, 484, 800, 530, 528, 523, 810, 679, 822, 338, 458, 217, 365, 574, 444, 870, 424, 639, 435, 179, 270, 460, 432, 727, 413, 753, 244, 450, 469, 471, 553, 760, 735, 535, 235, 224, 594, 516, 932, 295]
